10
10
10
10
10
10
10
10
10
10
10
10
10
10
10
10
10
10
10
10
10
10
10
10
10
10
10
10
10
10
10.0
95.00001907348633
10.0
95.0
10.0
10.0
10.0
10.0
95.00001907348633
95.0
10.0
10.0
10.0
10.0
10.0
10.0
10.0
10.0
10.0
10.0
93.45225724725847
92.2810129743751
87.15542965150746
74.5905877961177
86.14283012676705
87.15542965150746
56.87295902096639
82.92111615523021
82.5874627663557
82.5874627663557
10.0
10.0
10.0
10.0
10.0
10.0
10.0
10.0
10.0
10.0
107.60967473509537
110.54505283642075
97.4241021594487
107.0422985859417
105.14176758388922
107.44270636501997
107.63969221488193
107.44639784737186
103.03010441974871
107.3702734715659
86.74299484405014
106.0346412831585
99.87195788963001
92.02917685036357
108.32785768194098
105.63795469310286
107.38146549451923
101.03596881357853
107.75478490658277
107.90677804104033
104.02576364019762
106.88206272159789
105.08675567058197
86.2260927671594
104.76169277775668
94.96072986611284
99.3883375493452
101.14138274404371
109.59090300834912
79.62433307326454
98.30278780201229
81.3981177202507
107.75954332887487
84.08000538962074
104.05204907341133
107.35674710373925
99.0880802303262
105.90656247652886
78.69113543120103
88.84325290795834
106.2646419805222
104.85588361192151
97.80286690399475
105.74632013316057
97.06799212959432
103.42251467807537
102.90817177017861
104.88805870719992
91.48625570789378
106.35133610123779
53.394244169104354
102.9663135911758
97.09199541239147
106.29397049376189
92.02754112162353
102.74606159747191
103.55791043804382
108.52302573945107
99.14791135120431
108.66939654801251
102.03097083255518
95.52798916571
102.48945032689976
97.09339512496169
108.4844272534092
92.05592610849806
98.57111816251823
101.51871568187747
104.48676179364855
104.50881180153414
97.13352270319227
100.0
101.75746508195135
107.36684303289674
106.8377356631278
104.2599464179903
100.4125622477261
97.71364121838792
94.00043379238731
105.50892775989944
101.64992097388819
92.91462412127701
102.70390062234871
101.15677135121149
95.66074027007895
104.04694528054898
85.42607499616312
95.04325963452968
86.86823206774523
105.28397471847276
96.25
92.8189026372333
90.04003429949614
91.01767749563471
99.46693671193586
96.61852721157402
100.7027451409119
99.54536494916891
97.25423351953
103.47585685307676
83.60607232477494
101.32557091153772
101.7445496476144
98.64081463070752
102.6507446562141
95.84777058583776
108.39080614332016
102.69365581725256
100.52908479592925
103.79309831981224
0
0
101.49177694398307
100.31154344212541
50.695900542218396
95.28336555012187
96.607653098548
94.25346471942751
98.88927641624073
83.4911657455271
97.67823344029216
78.76911073874501
99.72732752496236
94.24318350543693
92.561072118248
99.13085339573405
80.75637830009646
0
40.0
92.5208851249275
0
91.01767749563471
112.02844987937598
99.85127782426899
102.88372898276185
88.20972284588022
99.18299878714026
101.3394700194194
98.9887038672569
100.8167176889216
100.84306855934727
0
100.92674650318762
94.82589775496135
81.8771010121315
54.19540307166008
97.67823344029216
99.85127782426899
90.2853894463536
100.12309825664934
78.76911073874501
99.85463355885125
90.7883055304275
101.06428611035346
91.32767059879171
89.54489951785357
96.25
50.19201128654626
97.17550475445499
0
80.7649224488342
87.89209015106972
101.95500052795384
91.22589616388714
99.93430170891712
80.08498671369776
54.19540307166008
100.92153651900333
96.41865996981478
97.65840994550668
92.5208851249275
99.4891665237051
0
98.1616317076867
98.9887038672569
0
93.21925719030322
89.54489951785357
100.51254513683932
97.5288099574201
80.08498671369776
87.73127506743678
50.25627256841966
98.88927641624073
97.45161589794283
93.21925719030322
99.97898808766625
91.22589616388714
91.32767059879171
88.84325290795834
98.46250009534327
97.5288099574201
97.45161589794283
40.0
94.82589775496135
98.46250009534327
87.73127506743678
95.04325963452968
50.25627256841966
99.85463355885125
10
10
10
10
10
10
10
10
10
10
10
10
10
10
10
10
10
10
10
10
10
10
10
10
10
10
10
10
10
10
