30.0
30.0
30.0
30.0
80.0
30.0
30.0
30.0
30.0
90.0
50
40
20
40
100
20
40
50
30
0
0
30
70
10
80
60
0
10
0
20
80.0
80.0
80.0
80.0
80.0
80.0
80.0
70.0
80.0
80.0
10.0
60.0
60.0
60.0
20.0
60.0
60.0
60.0
60.0
60.0
10.0
67.5
10.0
20.0
10.0
10.0
10.0
67.5
10.0
30.0
60.0
50.0
90.3125
30.0
30.0
30.0
90.3125
0
30.0
60.0
100.0
100.0
100.0
100.0
100.0
100.0
100.0
100.0
100.0
100.0
60.0
60.0
60.0
60.0
60.0
60.0
60.0
60.0
60.0
60.0
60.0
60.0
60.0
60.0
60.0
60.0
60.0
60.0
60.0
60.0
80.0
80.0
80.0
80.0
80.0
80.0
80.0
80.0
80.0
80.0
80.0
80.0
80.0
80.0
80.0
80.0
80.0
80.0
80.0
80.0
60.0
60.0
60.0
60.0
60.0
60.0
60.0
60.0
60.0
60.0
