10
10
10
10
10
10
10
10
10
10
10
10
10
10
10
10
10
10
10
10
10
10
10
10
10
10
10
10
10
10
10.0
95.00001907348633
10.0
95.0
10.0
10.0
10.0
10.0
95.00001907348633
95.0
10.0
10.0
10.0
10.0
10.0
10.0
10.0
10.0
10.0
10.0
93.45225724725847
92.2810129743751
87.15542965150746
74.5905877961177
86.14283012676705
87.15542965150746
56.87295902096639
82.92111615523021
82.5874627663557
82.5874627663557
10.0
10.0
10.0
10.0
10.0
10.0
10.0
10.0
10.0
10.0
107.60967473509537
110.54505283642075
97.4241021594487
107.0422985859417
105.14176758388922
107.44270636501997
107.63969221488193
107.44639784737186
103.03010441974871
107.3702734715659
86.74299484405014
106.0346412831585
99.87195788963001
92.02917685036357
108.32785768194098
105.63795469310286
107.38146549451923
101.03596881357853
107.75478490658277
107.90677804104033
104.02576364019762
106.88206272159789
105.08675567058197
86.2260927671594
104.76169277775668
94.96072986611284
99.3883375493452
101.14138274404371
109.59090300834912
79.62433307326454
98.30278780201229
81.3981177202507
107.75954332887487
84.08000538962074
104.05204907341133
107.35674710373925
99.0880802303262
105.90656247652886
78.69113543120103
88.84325290795834
106.2646419805222
104.85588361192151
97.80286690399475
105.74632013316057
97.06799212959432
103.42251467807537
102.90817177017861
104.88805870719992
91.48625570789378
106.35133610123779
53.394244169104354
102.9663135911758
97.09199541239147
106.29397049376189
92.02754112162353
102.74606159747191
103.55791043804382
108.52302573945107
99.14791135120431
108.66939654801251
102.03097083255518
95.52798916571
102.48945032689976
97.09339512496169
108.4844272534092
92.05592610849806
98.57111816251823
101.51871568187747
104.48676179364855
104.50881180153414
97.13352270319227
100.0
101.75746508195135
107.36684303289674
106.8377356631278
104.2599464179903
100.4125622477261
97.71364121838792
94.00043379238731
105.50892775989944
101.64992097388819
92.91462412127701
102.70390062234871
101.15677135121149
95.66074027007895
104.04694528054898
85.42607499616312
95.04325963452968
86.86823206774523
105.28397471847276
96.25
92.8189026372333
90.04003429949614
91.01767749563471
99.46693671193586
96.61852721157402
100.7027451409119
99.54536494916891
97.25423351953
103.47585685307676
83.60607232477494
101.32557091153772
101.7445496476144
98.64081463070752
102.6507446562141
95.84777058583776
108.39080614332016
102.69365581725256
100.52908479592925
103.79309831981224
0
0
101.49177694398307
100.31154344212541
50.695900542218396
95.28336555012187
96.607653098548
94.25346471942751
98.88927641624073
83.4911657455271
97.67823344029216
78.76911073874501
99.72732752496236
94.24318350543693
92.561072118248
99.13085339573405
80.75637830009646
0
40.0
92.5208851249275
0
91.01767749563471
112.02844987937598
99.85127782426899
102.88372898276185
88.20972284588022
99.18299878714026
101.3394700194194
98.9887038672569
100.8167176889216
100.84306855934727
0
100.92674650318762
94.82589775496135
81.8771010121315
54.19540307166008
97.67823344029216
99.85127782426899
90.2853894463536
100.12309825664934
78.76911073874501
99.85463355885125
90.7883055304275
101.06428611035346
91.32767059879171
89.54489951785357
96.25
50.19201128654626
97.17550475445499
0
80.7649224488342
87.89209015106972
101.95500052795384
91.22589616388714
99.93430170891712
80.08498671369776
54.19540307166008
100.92153651900333
96.41865996981478
97.65840994550668
92.5208851249275
99.4891665237051
0
98.1616317076867
98.9887038672569
0
93.21925719030322
89.54489951785357
100.51254513683932
97.5288099574201
80.08498671369776
87.73127506743678
50.25627256841966
98.88927641624073
97.45161589794283
93.21925719030322
99.97898808766625
91.22589616388714
91.32767059879171
88.84325290795834
98.46250009534327
97.5288099574201
97.45161589794283
40.0
94.82589775496135
98.46250009534327
87.73127506743678
95.04325963452968
50.25627256841966
99.85463355885125
10
10
10
10
10
10
10
10
10
10
10
10
10
10
10
10
10
10
10
10
10
10
10
10
10
10
10
10
10
10
102.75390273554474
105.98032565909904
90.2314901137408
104.04479513896584
107.82713181778453
100.05485062190739
104.94427237630097
103.24651361387284
108.18554145216376
95.33226508077871
98.86915947028527
87.48525481042549
104.49219074348375
105.25498746442977
86.84111314865807
109.06403732550034
84.95063364175036
98.83252723092092
91.97427040796887
85.50205237102895
106.81996284892344
93.80762176220614
92.68921161645127
104.8930740576881
72.07210595697697
106.58131108953114
105.39226180000475
100.15164933203225
105.02824975339868
78.34471855775983
102.35081704571485
90.87459864269601
102.57127207946363
81.44850857555684
99.23783795772539
107.53678061912265
87.40836785144312
94.96787893072319
104.65863616168718
97.71732954799276
103.24509282640068
105.4037676516582
80.86807408614519
103.85124045661202
100.12641079516662
103.51605786574201
104.01106259702615
105.11807003508733
101.92255419042546
92.01332638236511
98.7870588856522
98.73582463242212
103.1525641932901
100.45184573197601
90.80918408439405
104.29726912547902
96.04724733410099
106.55237164971115
81.32486177243335
98.1628079468844
101.23887073906361
104.19756513173635
106.56625712590656
104.6627175294975
84.18480245857177
86.48898031261359
88.80234087403309
77.3189844552412
94.74043957876052
105.80789551721952
100.21782610932686
90.44212370926913
92.85282633819938
99.66180097807495
79.2579933067166
95.45369059320618
105.43362942467812
90.70843747144085
82.398758268367
103.24689785801817
94.50394913687092
92.74648682949314
103.75693634155624
87.82343618424264
99.552370581437
89.5939670648774
102.15416004141427
79.0193247956096
77.30246737829081
101.4363309332766
85.41211802825813
101.56064967315473
100.37787377254936
53.323745897265624
99.65578781976184
91.80327586449513
100.9171293246798
103.1742782963231
97.04283670841352
98.79631184995392
95.91787466095977
76.87682723897345
92.5881393179709
97.85252742005301
96.111895155447
91.84558256407105
91.52945204967034
46.49136382835063
97.82376039264132
101.78027416510847
98.47809600675684
91.17371593893246
89.76780245442328
99.79563968395752
84.15634660179248
97.24307849891741
80.3152342370928
87.26658835420417
85.59362545900997
89.47705535979127
89.01306305616414
81.62339496265187
84.50250724148407
97.07376103857229
100.33865296314414
97.26962747674435
100.25283482337363
100.74668163577468
104.53129663851897
99.95317561525886
97.44685196070007
96.4334375412637
53.47653675247077
94.31327913829465
96.62733449357071
88.77334140318905
89.1390431250204
88.63100830264642
80.3152342370928
97.19652874857599
98.1844754656351
60.45771940446554
100.00738085459272
101.4495218176202
66.85906822739481
99.848761400744
95.83686935113546
97.645612668551
93.24998392582651
99.95317561525886
101.06477460987733
79.2579933067166
84.50250724148407
100.24985919667331
99.79657957450675
97.645612668551
47.075377908328335
98.67784574105099
98.5267302991462
89.99174961401269
97.61905670248711
0
0
97.12546564734427
76.87682723897345
93.86004667249931
95.85335657096724
90.08317504447052
47.075377908328335
87.17715805929998
96.91250431502255
100.38302999149532
95.85335657096724
95.98378353697561
101.78124627950382
86.4079453880383
97.48951485606597
76.83210723910099
0
99.71884485117474
86.4079453880383
97.48951485606597
99.31653816537045
91.70474296966759
0
97.17717025611627
87.17715805929998
91.70474296966759
96.21652137385868
99.848761400744
90.08317504447052
96.91250431502255
97.21717023381512
97.82376039264132
96.21652137385868
96.99333061867779
94.26781638618085
97.65644342284565
96.99333061867779
99.79657957450675
103.85536408714552
102.8549297439244
103.5719670937699
95.13018714140244
105.06784869061124
99.51292269395474
105.01950327989726
108.18170898343271
92.116876784053
99.61000962762147
102.9359458067598
110.17123540958008
103.59345050726529
107.93807464065432
103.62525040439127
101.22875834739716
100.47828524071477
96.73939968057286
108.44185348950478
100.03014432954225
100.29688885184382
99.92648827534939
110.75984243250662
103.8766295063593
102.4121885194321
103.25094229945586
101.32090399318722
100.95260684004566
103.14626729470069
105.39640875126477
101.27139572634806
99.77379196477244
108.25428586320596
103.40016124718608
100.48837405931897
51.35934480932477
101.40940094215591
101.44941151644059
98.36519673678465
107.89064426299183
98.04675892492021
92.17272170077115
102.3723606565253
99.32239057803274
106.89832908158495
98.21469780274467
110.27108554804097
101.25316423592984
98.82963305313146
100.60570746569591
105.74760610465631
106.20163504938532
103.60459193668117
97.45954982035408
104.83688782388091
94.61391422293107
104.1019455944955
105.72217048425465
102.64592020532749
105.32539168158215
103.45622220168217
90.77970221117856
95.71886903466894
78.46305992970329
103.88440351153905
106.16417260527426
99.29536996442555
98.72414677750896
97.57236797238737
84.47532308685496
100.50628211279529
97.70030410369831
90.55932651649066
97.65763255273386
95.28836860864196
97.31354657601204
97.16087262954917
101.28378495302275
88.17785231185523
96.12566169007638
91.48155049144262
88.6441291774883
78.37200955904343
98.06305990298489
90.57045207670933
104.75998572267734
94.10867069100254
97.6282510410349
99.66140970671208
87.442833368967
95.50411214385989
100.26197934651887
94.82563491246583
95.4262016033566
97.16850402203599
97.76054705552211
97.38213265735425
96.34592200779525
84.066647232995
93.6324346756351
99.09527149027588
81.15958475720367
100.89131185364667
83.36876607443628
88.56947427051708
96.93529575541709
96.39734015029336
83.47010647496215
90.18154388779064
98.36532847827453
90.35407612588139
96.446200213429
94.4126330610743
94.55620670024862
95.66219487338788
102.70040881866748
97.4127587008176
92.91503607588388
88.96733263150281
94.22027174712936
98.04775159914249
104.66502146557023
89.66798426809305
99.06259859181412
96.93329632823792
95.03938566102104
98.55498438922064
91.49902644344681
90.31503214008492
99.70648285465634
92.02012517095518
72.9104999624769
73.76191116654111
100.07504190389146
98.53115584104154
93.78194877414415
90.19669564881079
93.36277098972658
100.75902774327847
104.52193401501728
99.26244710595121
94.93879344535694
89.80262115096556
69.62405120128442
92.0142563982528
97.36802300392834
99.63375131131319
95.84881784316829
89.92913742274138
85.15800104514794
93.84483232830524
88.96733263150281
91.03801731785104
101.95962366043693
96.16242943810786
77.2900367029799
96.22119763972519
95.8655410764431
99.68108439292985
92.23679792288706
87.08029971387884
0
93.22055768575369
96.99606138540172
97.6772898181235
91.76522965002772
97.37219044387662
91.28175158648347
96.35962901288664
99.14401333001511
84.7845034225628
98.27061673369985
93.8285088087027
98.40533590732265
73.69739351104238
87.8326108956201
87.25925936339925
89.29894832899208
97.68349861001946
0
99.09527149027588
98.27061673369985
89.92913742274138
95.25143547290759
94.4126330610743
87.86076741348901
90.8807183686774
87.25925936339925
73.69739351104238
99.06259859181412
93.07207885689954
84.066647232995
91.03801731785104
75.70631620206657
99.63375131131319
95.84881784316829
82.75446867651607
87.86076741348901
96.99606138540172
91.76522965002772
20.0
10.0
25.0
10.0
20.0
10.0
20.0
35.0
20.0
10.0
10.0
20.0
10.0
50.0
80.0
80.0
20.0
50.0
20.0
50.0
10.0
10.0
10.0
10.0
25.0
10.0
10.0
10.0
10.0
25.0
10.0
10.0
10.0
10.0
10.0
10.0
10.0
10.0
10.0
10.0
20.0
10.0
10.0
10.0
10.0
10.0
10.0
20.0
10.0
10.0
10.0
10.0
10.0
10.0
10.0
10.0
10.0
10.0
10.0
10.0
